Iter | Sampling Pol | Evaluation Pol | Best (Sampled) 
   0 12.76 10.95 -100000000.00 
   1 13.61 11.71 12.76 
   2 14.63 12.81 13.61 
   3 15.37 14.38 14.63 
   4 16.60 15.93 15.37 
   5 17.49 17.67 16.60 
   6 18.64 17.10 17.49 
   7 19.82 18.95 18.64 
   8 21.42 21.77 19.82 
   9 24.62 22.55 21.42 
  10 27.95 26.03 24.62 
  11 31.35 28.19 27.95 
  12 32.67 32.81 31.35 
  13 38.97 39.40 32.67 
  14 44.03 43.10 38.97 
  15 49.27 49.90 44.03 
  16 54.48 56.24 49.27 
  17 61.89 60.37 54.48 
  18 65.46 61.32 61.89 
  19 68.82 73.38 65.46 
  20 76.50 79.95 68.82 
  21 79.62 90.52 76.50 
  22 89.32 102.45 79.62 
  23 94.53 106.91 89.32 
  24 102.60 114.27 94.53 
  25 104.05 120.52 102.60 
  26 119.21 123.38 104.05 
  27 134.52 125.42 119.21 
  28 127.96 134.49 134.52 
  29 141.73 153.68 134.52 
  30 155.74 161.40 141.73 
  31 169.22 231.66 155.74 
  32 212.19 233.07 169.22 
  33 214.22 236.75 212.19 
  34 225.74 222.62 214.22 
  35 254.76 338.57 225.74 
  36 362.14 197.57 254.76 
  37 260.04 278.33 362.14 
  38 457.85 258.31 362.14 
  39 502.29 345.78 457.85 
  40 394.68 525.59 502.29 
  41 510.54 638.97 502.29 
  42 655.88 757.66 510.54 
  43 629.25 764.19 655.88 
  44 706.96 656.46 655.88 
  45 750.29 657.68 706.96 
  46 765.95 678.87 750.29 
  47 678.53 659.39 765.95 
  48 672.94 665.28 765.95 
  49 778.09 783.38 765.95 
  50 787.74 647.36 778.09 
  51 786.48 791.17 787.74 
  52 714.71 795.34 787.74 
  53 775.64 797.28 787.74 
  54 690.19 797.97 787.74 
  55 798.07 802.52 787.74 
  56 798.19 772.82 798.07 
  57 804.28 809.70 798.19 
  58 630.76 808.31 804.28 
  59 697.30 809.17 804.28 
  60 805.31 810.23 804.28 
  61 700.40 813.07 805.31 
  62 811.54 810.18 805.31 
  63 809.25 814.69 811.54 
  64 811.89 817.23 811.54 
  65 814.53 821.18 811.89 
  66 814.80 826.20 814.53 
  67 826.54 831.56 814.80 
  68 829.39 837.04 826.54 
  69 835.60 839.55 829.39 
  70 838.89 694.14 835.60 
  71 837.17 841.02 838.89 
  72 838.91 848.34 838.89 
  73 844.55 848.11 838.91 
  74 843.29 850.01 844.55 
  75 846.98 849.31 844.55 
  76 846.27 854.76 846.98 
  77 852.60 854.61 846.98 
  78 850.05 858.17 852.60 
  79 851.67 693.68 852.60 
  80 856.48 693.71 852.60 
  81 714.17 859.52 856.48 
  82 854.82 860.12 856.48 
  83 854.69 860.07 856.48 
  84 858.26 861.72 856.48 
  85 857.42 862.24 858.26 
  86 858.92 697.69 858.26 
  87 857.65 862.99 858.92 
  88 725.28 863.23 858.92 
  89 855.90 865.02 858.92 
  90 860.00 867.37 858.92 
  91 865.45 867.27 860.00 
  92 863.35 868.37 865.45 
  93 865.69 868.63 865.45 
  94 865.78 869.32 865.69 
  95 864.93 870.29 865.78 
  96 865.13 871.38 865.78 
  97 868.17 872.21 865.78 
  98 871.00 873.15 868.17 
  99 870.41 873.17 871.00 
 100 871.86 873.66 871.00 
 101 874.00 873.70 871.86 
 102 872.15 875.09 874.00 
 103 874.56 877.24 874.00 
 104 873.87 877.59 874.56 
 105 875.15 877.56 874.56 
 106 872.67 877.86 875.15 
 107 874.24 879.14 875.15 
 108 876.48 880.38 875.15 
 109 877.52 879.60 876.48 
 110 881.33 878.94 877.52 
 111 878.35 879.57 881.33 
 112 880.65 881.03 881.33 
 113 880.41 881.11 881.33 
 114 880.94 881.84 881.33 
 115 881.42 882.75 881.33 
 116 881.24 883.03 881.42 
 117 882.54 882.70 881.42 
 118 877.91 883.54 882.54 
 119 883.67 884.33 882.54 
 120 884.05 886.01 883.67 
 121 882.53 886.15 884.05 
 122 884.60 886.20 884.05 
 123 883.99 887.31 884.60 
 124 886.72 887.54 884.60 
 125 883.31 887.68 886.72 
 126 881.40 887.99 886.72 
 127 887.10 888.49 886.72 
 128 886.65 889.55 887.10 
 129 887.44 889.64 887.10 
 130 888.73 889.86 887.44 
 131 804.55 889.81 888.73 
 132 889.17 889.62 888.73 
 133 887.33 890.20 889.17 
 134 890.08 889.88 889.17 
 135 889.11 890.26 890.08 
 136 889.05 890.48 890.08 
 137 771.69 890.22 890.08 
 138 889.25 889.11 890.08 
 139 887.72 889.11 890.08 
 140 887.71 888.45 890.08 
 141 887.04 887.89 890.08 
 142 884.63 888.10 890.08 
 143 887.60 887.91 890.08 
 144 887.47 887.50 890.08 
 145 886.10 886.50 890.08 
 146 886.87 888.21 890.08 
 147 886.65 889.25 890.08 
 148 888.68 888.44 890.08 
 149 887.34 888.74 890.08 
 150 888.35 889.05 890.08 
 151 891.70 890.50 890.08 
 152 887.80 890.75 891.70 
 153 888.42 890.97 891.70 
 154 888.86 891.13 891.70 
 155 890.93 890.84 891.70 
 156 889.92 891.61 891.70 
 157 889.18 891.52 891.70 
 158 890.33 891.61 891.70 
 159 886.16 890.30 891.70 
 160 752.68 890.26 891.70 
 161 890.55 890.28 891.70 
 162 888.93 890.99 891.70 
 163 888.69 891.65 891.70 
 164 890.52 891.46 891.70 
 165 889.07 890.91 891.70 
 166 890.23 891.47 891.70 
 167 891.20 891.39 891.70 
 168 753.96 891.85 891.70 
 169 887.53 891.39 891.70 
 170 890.79 890.68 891.70 
 171 889.38 890.49 891.70 
 172 889.22 890.44 891.70 
 173 890.61 890.77 891.70 
 174 886.64 891.68 891.70 
 175 889.14 891.37 891.70 
 176 892.27 891.24 891.70 
 177 891.04 891.36 892.27 
 178 891.61 892.21 892.27 
 179 891.70 892.20 892.27 
 180 890.02 892.25 892.27 
 181 890.23 891.85 892.27 
 182 891.80 892.28 892.27 
 183 890.68 892.50 892.27 
 184 890.69 892.98 892.27 
 185 891.53 892.74 892.27 
 186 892.07 892.50 892.27 
 187 892.99 892.35 892.27 
 188 890.93 893.18 892.99 
 189 893.48 893.41 892.99 
 190 891.21 892.82 893.48 
 191 891.03 893.02 893.48 
 192 889.27 893.08 893.48 
 193 848.03 893.12 893.48 
 194 891.55 722.78 893.48 
 195 888.70 889.17 893.48 
 196 890.46 887.29 893.48 
 197 707.07 888.05 893.48 
 198 888.24 887.69 893.48 
 199 884.67 887.48 893.48 
