Iter | Sampling Pol | Evaluation Pol | Best (Sampled) 
   0 12.76 10.73 -100000000.00 
   1 13.64 11.57 12.76 
   2 14.76 13.47 13.64 
   3 15.62 14.47 14.76 
   4 16.68 15.05 15.62 
   5 17.81 15.95 16.68 
   6 19.13 15.81 17.81 
   7 20.41 17.84 19.13 
   8 22.42 23.06 20.41 
   9 25.53 25.93 22.42 
  10 29.91 28.43 25.53 
  11 34.24 31.98 29.91 
  12 37.15 36.31 34.24 
  13 45.24 51.73 37.15 
  14 51.02 56.68 45.24 
  15 54.12 59.30 51.02 
  16 58.47 65.03 54.12 
  17 64.15 71.40 58.47 
  18 72.18 71.17 64.15 
  19 73.09 80.48 72.18 
  20 84.23 89.23 73.09 
  21 86.72 110.55 84.23 
  22 112.79 116.24 86.72 
  23 151.85 261.35 112.79 
  24 191.82 367.39 151.85 
  25 444.89 440.59 191.82 
  26 554.26 410.35 444.89 
  27 653.85 551.65 554.26 
  28 497.48 554.44 653.85 
  29 679.61 685.95 653.85 
  30 682.25 692.07 679.61 
  31 688.34 699.19 682.25 
  32 695.21 712.35 688.34 
  33 705.52 714.86 695.21 
  34 713.81 727.18 705.52 
  35 726.87 730.83 713.81 
  36 731.23 737.75 726.87 
  37 736.08 741.85 731.23 
  38 736.30 745.55 736.08 
  39 627.25 746.71 736.30 
  40 634.53 748.80 736.30 
  41 743.92 749.40 736.30 
  42 746.23 756.36 743.92 
  43 753.61 759.63 746.23 
  44 758.06 763.90 753.61 
  45 645.03 763.72 758.06 
  46 758.04 769.43 758.06 
  47 769.20 769.95 758.06 
  48 658.67 773.49 769.20 
  49 774.15 632.93 769.20 
  50 772.17 775.79 774.15 
  51 774.80 781.34 774.15 
  52 781.46 786.68 774.80 
  53 784.48 787.91 781.46 
  54 785.53 789.19 784.48 
  55 789.06 793.80 785.53 
  56 796.57 799.92 789.06 
  57 797.47 803.60 796.57 
  58 803.37 806.84 797.47 
  59 681.53 805.47 803.37 
  60 811.25 810.76 803.37 
  61 806.96 814.12 811.25 
  62 814.13 815.82 811.25 
  63 814.07 820.10 814.13 
  64 820.06 822.09 814.13 
  65 823.59 824.98 820.06 
  66 823.09 825.10 823.59 
  67 818.29 822.25 823.59 
  68 821.38 829.47 823.59 
  69 828.59 833.46 823.59 
  70 835.53 831.01 828.59 
  71 833.38 529.54 835.53 
  72 840.01 839.98 835.53 
  73 838.17 680.63 840.01 
  74 840.18 845.66 840.01 
  75 845.37 849.53 840.18 
  76 849.84 853.38 845.37 
  77 851.47 856.40 849.84 
  78 853.46 859.00 851.47 
  79 853.61 860.44 853.46 
  80 859.60 861.09 853.61 
  81 858.77 862.40 859.60 
  82 861.56 696.43 859.60 
  83 826.35 693.14 861.56 
  84 622.23 625.11 861.56 
  85 859.69 863.81 861.56 
  86 862.74 288.85 861.56 
  87 731.44 696.92 862.74 
  88 866.46 697.11 862.74 
  89 624.18 191.12 866.46 
  90 862.89 291.41 866.46 
  91 700.47 526.90 866.46 
  92 782.39 697.53 866.46 
  93 866.77 356.77 866.46 
  94 716.61 696.77 866.77 
  95 847.68 865.19 866.77 
  96 862.99 866.64 866.77 
  97 865.61 867.10 866.77 
  98 865.68 868.31 866.77 
  99 866.87 867.78 866.77 
 100 868.20 868.73 866.87 
 101 865.55 867.28 868.20 
 102 722.58 528.66 868.20 
 103 867.03 868.19 868.20 
 104 866.04 529.51 868.20 
 105 867.31 531.12 868.20 
 106 866.49 355.73 868.20 
 107 862.01 351.59 868.20 
 108 487.52 865.18 868.20 
 109 722.87 696.17 868.20 
 110 729.13 864.86 868.20 
 111 661.23 543.51 868.20 
 112 869.97 692.28 868.20 
 113 865.12 704.59 869.97 
 114 868.16 867.47 869.97 
 115 868.27 870.78 869.97 
 116 869.97 869.78 869.97 
 117 871.03 871.18 869.97 
 118 868.58 873.68 871.03 
 119 871.36 874.80 871.03 
 120 874.13 875.27 871.36 
 121 873.90 875.40 874.13 
 122 875.28 875.84 874.13 
 123 876.87 875.15 875.28 
 124 876.24 876.25 876.87 
 125 874.75 875.28 876.87 
 126 873.71 877.37 876.87 
 127 877.37 879.55 876.87 
 128 875.30 878.14 877.37 
 129 875.74 879.01 877.37 
 130 878.56 879.79 877.37 
 131 878.58 879.31 878.56 
 132 877.15 880.00 878.58 
 133 878.22 879.97 878.58 
 134 879.41 880.82 878.58 
 135 880.47 880.11 879.41 
 136 881.06 883.09 880.47 
 137 881.74 883.43 881.06 
 138 881.93 882.49 881.74 
 139 883.85 882.27 881.93 
 140 880.22 882.55 883.85 
 141 883.06 882.24 883.85 
 142 874.15 882.67 883.85 
 143 883.43 884.01 883.85 
 144 883.78 883.26 883.85 
 145 883.60 884.28 883.85 
 146 883.41 884.13 883.85 
 147 884.58 881.28 883.85 
 148 878.68 880.86 884.58 
 149 881.54 881.78 884.58 
 150 884.91 866.52 884.58 
 151 865.67 861.60 884.91 
 152 883.36 868.85 884.91 
 153 737.78 883.27 884.91 
 154 882.59 880.43 884.91 
 155 881.33 885.34 884.91 
 156 884.00 882.10 884.91 
 157 875.25 863.82 884.91 
 158 848.15 879.64 884.91 
 159 879.61 858.76 884.91 
 160 860.56 707.93 884.91 
 161 879.56 870.12 884.91 
 162 862.86 855.17 884.91 
 163 883.02 880.69 884.91 
 164 878.64 881.83 884.91 
 165 874.49 884.63 884.91 
 166 882.85 885.49 884.91 
 167 886.45 885.44 884.91 
 168 884.76 885.43 886.45 
 169 883.87 882.73 886.45 
 170 889.02 887.23 886.45 
 171 888.08 888.17 889.02 
 172 887.20 887.62 889.02 
 173 887.49 887.01 889.02 
 174 887.03 885.90 889.02 
 175 884.50 885.70 889.02 
 176 885.28 887.68 889.02 
 177 888.81 887.72 889.02 
 178 890.82 888.58 889.02 
 179 887.17 888.56 890.82 
 180 889.38 889.09 890.82 
 181 888.48 889.63 890.82 
 182 891.82 889.30 890.82 
 183 885.78 889.36 891.82 
 184 885.64 889.08 891.82 
 185 887.82 889.51 891.82 
 186 889.50 889.39 891.82 
 187 890.49 890.43 891.82 
 188 887.71 891.21 891.82 
 189 892.49 890.39 891.82 
 190 887.04 890.20 892.49 
 191 889.49 890.41 892.49 
 192 890.67 891.69 892.49 
 193 890.61 891.72 892.49 
 194 890.49 891.76 892.49 
 195 893.27 892.29 892.49 
 196 893.14 892.43 893.27 
 197 886.72 892.39 893.27 
 198 889.62 893.08 893.27 
 199 890.58 891.83 893.27 
