Iter | Sampling Pol | Evaluation Pol | Best (Sampled) 
   0 12.76 10.79 -100000000.00 
   1 13.64 11.85 12.76 
   2 14.67 13.06 13.64 
   3 15.46 15.06 14.67 
   4 16.65 15.53 15.46 
   5 17.61 16.83 16.65 
   6 18.90 16.16 17.61 
   7 20.24 18.46 18.90 
   8 22.03 19.82 20.24 
   9 24.94 24.81 22.03 
  10 29.39 25.27 24.94 
  11 33.37 28.98 29.39 
  12 35.54 36.45 33.37 
  13 43.66 38.96 35.54 
  14 49.34 49.97 43.66 
  15 55.93 60.77 49.34 
  16 59.72 60.04 55.93 
  17 65.68 62.11 59.72 
  18 69.88 67.63 65.68 
  19 72.31 69.50 69.88 
  20 77.75 75.53 72.31 
  21 82.59 85.76 77.75 
  22 89.82 94.78 82.59 
  23 100.45 109.15 89.82 
  24 108.55 119.89 100.45 
  25 135.31 146.75 108.55 
  26 147.42 165.60 135.31 
  27 194.32 209.37 147.42 
  28 239.34 366.69 194.32 
  29 251.25 323.60 239.34 
  30 326.81 228.71 251.25 
  31 512.58 582.17 326.81 
  32 533.98 599.34 512.58 
  33 732.28 443.75 533.98 
  34 608.11 623.98 732.28 
  35 587.10 558.78 732.28 
  36 654.48 668.33 732.28 
  37 768.82 747.05 732.28 
  38 726.34 675.95 768.82 
  39 523.09 565.30 768.82 
  40 598.24 770.64 768.82 
  41 759.66 792.15 768.82 
  42 685.37 765.93 768.82 
  43 775.57 761.09 768.82 
  44 711.66 788.42 775.57 
  45 756.05 735.71 775.57 
  46 678.02 659.66 775.57 
  47 734.75 679.81 775.57 
  48 597.82 809.55 775.57 
  49 793.18 836.50 775.57 
  50 720.01 781.71 793.18 
  51 790.40 799.57 793.18 
  52 773.92 679.63 793.18 
  53 736.38 507.79 793.18 
  54 873.09 897.13 793.18 
  55 822.97 455.96 873.09 
  56 532.62 554.89 873.09 
  57 551.49 846.67 873.09 
  58 792.02 321.77 873.09 
  59 466.53 574.08 873.09 
  60 651.94 746.23 873.09 
  61 529.43 813.85 873.09 
  62 691.62 848.81 873.09 
  63 984.73 753.11 873.09 
  64 860.98 1218.64 984.73 
  65 984.01 953.25 984.73 
  66 784.97 599.50 984.73 
  67 776.82 948.82 984.73 
  68 1214.84 911.21 984.73 
  69 1100.31 832.42 1214.84 
  70 925.05 1031.93 1214.84 
  71 784.91 1037.43 1214.84 
  72 984.99 1184.63 1214.84 
  73 1048.70 1333.02 1214.84 
  74 823.85 1175.78 1214.84 
  75 1022.77 1328.78 1214.84 
  76 1148.46 1108.41 1214.84 
  77 955.73 1181.07 1214.84 
  78 991.24 993.75 1214.84 
  79 1253.99 1395.48 1214.84 
  80 1258.73 1265.30 1253.99 
  81 1418.75 1088.39 1258.73 
  82 992.69 1473.02 1418.75 
  83 1364.44 1325.57 1418.75 
  84 1168.80 1497.06 1418.75 
  85 1493.81 1535.90 1418.75 
  86 1068.58 847.50 1493.81 
  87 1040.75 1271.58 1493.81 
  88 1211.67 1420.68 1493.81 
  89 1127.16 1488.86 1493.81 
  90 1486.08 1357.90 1493.81 
  91 1491.31 1068.90 1493.81 
  92 1490.24 1316.56 1493.81 
  93 1464.48 1350.67 1493.81 
  94 1297.19 1551.59 1493.81 
  95 1472.39 1583.84 1493.81 
  96 1371.49 1492.34 1493.81 
  97 1077.95 1595.98 1493.81 
  98 1570.49 1645.52 1493.81 
  99 1532.66 1595.49 1570.49 
 100 1643.01 1644.71 1570.49 
 101 1456.41 1650.39 1643.01 
 102 1654.10 1278.39 1643.01 
 103 1520.13 1546.37 1654.10 
 104 1211.86 1407.69 1654.10 
 105 1496.07 1767.26 1654.10 
 106 1598.98 1672.42 1654.10 
 107 1544.13 1680.11 1654.10 
 108 1660.80 1714.97 1654.10 
 109 1664.32 1723.33 1660.80 
 110 1259.36 1602.55 1664.32 
 111 1736.29 1727.62 1664.32 
 112 1644.93 1714.25 1736.29 
 113 1770.76 1634.80 1736.29 
 114 1745.97 1787.77 1770.76 
 115 1639.35 1774.54 1770.76 
 116 1578.98 1292.77 1770.76 
 117 1187.55 1737.48 1770.76 
 118 1190.15 1552.06 1770.76 
 119 1527.01 1684.92 1770.76 
 120 1685.03 1737.57 1770.76 
 121 1765.04 1738.15 1770.76 
 122 1690.69 1700.30 1770.76 
 123 1373.30 1738.24 1770.76 
 124 1736.02 1735.94 1770.76 
 125 1772.36 1754.24 1770.76 
 126 1162.69 1620.91 1772.36 
 127 1369.01 1537.53 1772.36 
 128 1336.65 1747.13 1772.36 
 129 1771.56 1653.27 1772.36 
 130 1740.64 1735.07 1772.36 
 131 1784.48 1833.59 1772.36 
 132 1822.24 1741.60 1784.48 
 133 1727.10 1859.94 1822.24 
 134 1442.50 1219.85 1822.24 
 135 1727.68 1770.56 1822.24 
 136 1712.10 1437.45 1822.24 
 137 1603.83 1508.85 1822.24 
 138 1153.03 1671.42 1822.24 
 139 1385.18 1689.57 1822.24 
 140 1807.41 1770.34 1822.24 
 141 1756.93 1638.67 1822.24 
 142 1551.67 1654.96 1822.24 
 143 1429.84 1694.27 1822.24 
 144 1789.79 1805.75 1822.24 
 145 1694.54 1788.52 1822.24 
 146 1851.85 1705.93 1822.24 
 147 1556.40 1769.81 1851.85 
 148 1656.33 1630.40 1851.85 
 149 1860.68 1831.82 1851.85 
 150 1937.83 1414.67 1860.68 
 151 1858.89 1135.39 1937.83 
 152 1235.82 1483.59 1937.83 
 153 1672.66 1703.19 1937.83 
 154 1713.42 1848.00 1937.83 
 155 1870.11 1881.63 1937.83 
 156 1850.46 1801.83 1937.83 
 157 1701.99 1912.96 1937.83 
 158 1753.18 1858.23 1937.83 
 159 1261.60 1623.00 1937.83 
 160 1730.48 1843.10 1937.83 
 161 1740.55 1892.97 1937.83 
 162 1877.14 1866.94 1937.83 
 163 1596.20 1867.65 1937.83 
 164 1366.25 1855.73 1937.83 
 165 1809.43 1890.67 1937.83 
 166 1381.32 1833.28 1937.83 
 167 1778.92 1852.16 1937.83 
 168 1764.58 1336.26 1937.83 
 169 1516.43 1750.71 1937.83 
 170 1771.50 1887.75 1937.83 
 171 1826.12 1931.38 1937.83 
 172 1660.66 1950.35 1937.83 
 173 1548.70 1824.33 1937.83 
 174 1923.76 1964.99 1937.83 
 175 1727.33 1870.03 1937.83 
 176 1695.01 1992.06 1937.83 
 177 1919.05 2029.87 1937.83 
 178 1690.61 1651.55 1937.83 
 179 1885.72 1105.28 1937.83 
 180 1573.34 1726.51 1937.83 
 181 1085.52 1729.50 1937.83 
 182 1916.58 1613.50 1937.83 
 183 1357.71 2030.05 1937.83 
 184 2002.71 1688.45 1937.83 
 185 2003.97 1605.20 2002.71 
 186 1604.71 1685.84 2003.97 
 187 1531.01 1855.04 2003.97 
 188 1918.75 2018.62 2003.97 
 189 1972.29 1934.34 2003.97 
 190 1742.56 2058.83 2003.97 
 191 1647.82 1985.20 2003.97 
 192 2001.60 1770.65 2003.97 
 193 1965.61 2016.12 2003.97 
 194 1996.75 2061.04 2003.97 
 195 2007.97 2078.55 2003.97 
 196 1595.13 2042.20 2007.97 
 197 1865.30 1328.91 2007.97 
 198 2054.17 2120.16 2007.97 
 199 1893.73 1840.37 2054.17 
