Iter | Sampling Pol | Evaluation Pol | Best (Sampled) 
   0 12.78 12.98 -100000000.00 
   1 13.64 14.61 12.78 
   2 14.77 15.73 13.64 
   3 15.50 16.32 14.77 
   4 16.67 16.50 15.50 
   5 17.59 19.01 16.67 
   6 18.90 19.44 17.59 
   7 20.35 20.14 18.90 
   8 21.66 23.04 20.35 
   9 24.64 25.81 21.66 
  10 28.55 32.27 24.64 
  11 33.11 34.13 28.55 
  12 35.18 46.90 33.11 
  13 42.61 48.46 35.18 
  14 47.97 59.08 42.61 
  15 53.45 58.46 47.97 
  16 56.20 69.11 53.45 
  17 60.68 62.73 56.20 
  18 62.46 71.21 60.68 
  19 65.79 75.37 62.46 
  20 70.17 80.41 65.79 
  21 73.46 83.51 70.17 
  22 81.19 89.83 73.46 
  23 84.58 101.42 81.19 
  24 87.00 101.29 84.58 
  25 90.51 101.35 87.00 
  26 95.45 119.35 90.51 
  27 115.07 134.91 95.45 
  28 132.95 159.14 115.07 
  29 183.71 166.28 132.95 
  30 308.31 261.33 183.71 
  31 569.91 489.09 308.31 
  32 635.24 713.08 569.91 
  33 543.57 541.02 635.24 
  34 709.07 333.17 635.24 
  35 601.57 717.64 709.07 
  36 718.20 647.04 709.07 
  37 721.76 540.38 718.20 
  38 712.09 730.68 721.76 
  39 728.97 727.23 721.76 
  40 718.81 732.53 728.97 
  41 714.65 739.19 728.97 
  42 735.08 742.22 728.97 
  43 742.51 742.37 735.08 
  44 743.06 460.10 742.51 
  45 421.46 749.70 743.06 
  46 745.92 748.34 743.06 
  47 745.89 753.34 745.92 
  48 749.84 758.71 745.92 
  49 753.92 759.67 749.84 
  50 758.05 762.63 753.92 
  51 759.79 765.31 758.05 
  52 757.36 765.62 759.79 
  53 764.73 770.11 759.79 
  54 763.02 773.67 764.73 
  55 774.01 777.49 764.73 
  56 772.95 781.45 774.01 
  57 778.21 784.93 774.01 
  58 785.03 792.24 778.21 
  59 786.61 795.02 785.03 
  60 786.91 797.38 786.61 
  61 792.46 803.41 786.91 
  62 801.30 808.03 792.46 
  63 805.18 815.77 801.30 
  64 810.21 823.62 805.18 
  65 820.30 829.27 810.21 
  66 819.65 836.96 820.30 
  67 833.90 843.15 820.30 
  68 838.97 848.02 833.90 
  69 843.63 852.99 838.97 
  70 848.76 855.16 843.63 
  71 851.85 855.92 848.76 
  72 853.56 860.43 851.85 
  73 856.51 861.14 853.56 
  74 857.22 862.84 856.51 
  75 797.22 863.32 857.22 
  76 861.74 863.39 857.22 
  77 860.24 863.54 861.74 
  78 721.47 863.94 861.74 
  79 856.32 860.69 861.74 
  80 853.56 861.70 861.74 
  81 717.72 863.55 861.74 
  82 858.91 865.15 861.74 
  83 861.96 865.93 861.74 
  84 863.35 863.25 861.96 
  85 856.18 865.73 863.35 
  86 861.98 862.00 863.35 
  87 857.84 863.88 863.35 
  88 856.82 867.09 863.35 
  89 864.30 866.29 863.35 
  90 863.97 868.08 864.30 
  91 866.26 869.75 864.30 
  92 870.38 869.28 866.26 
  93 865.11 871.14 870.38 
  94 863.49 871.89 870.38 
  95 867.39 873.83 870.38 
  96 868.25 873.20 870.38 
  97 868.26 875.51 870.38 
  98 872.59 876.16 870.38 
  99 871.68 874.92 872.59 
 100 871.07 875.04 872.59 
 101 871.33 874.93 872.59 
 102 869.63 876.82 872.59 
 103 874.32 877.95 872.59 
 104 728.68 874.97 874.32 
 105 871.69 869.60 874.32 
 106 865.54 874.56 874.32 
 107 871.96 876.71 874.32 
 108 871.15 879.07 874.32 
 109 875.19 879.40 874.32 
 110 876.61 880.42 875.19 
 111 872.30 878.44 876.61 
 112 877.19 883.14 876.61 
 113 878.58 883.50 877.19 
 114 879.04 882.75 878.58 
 115 878.76 883.72 879.04 
 116 881.70 884.24 879.04 
 117 882.20 882.41 881.70 
 118 882.49 882.22 882.20 
 119 878.45 881.17 882.49 
 120 882.85 710.48 882.49 
 121 879.52 886.86 882.85 
 122 882.09 887.68 882.85 
 123 877.93 887.57 882.85 
 124 884.88 886.16 882.85 
 125 881.99 886.91 884.88 
 126 879.83 879.54 884.88 
 127 883.99 882.51 884.88 
 128 882.26 887.75 884.88 
 129 886.25 888.53 884.88 
 130 884.77 886.51 886.25 
 131 882.49 889.71 886.25 
 132 881.41 889.53 886.25 
 133 886.43 889.97 886.25 
 134 888.14 889.94 886.43 
 135 887.30 891.14 888.14 
 136 885.19 891.76 888.14 
 137 888.21 892.02 888.14 
 138 890.23 892.68 888.21 
 139 890.64 892.65 890.23 
 140 889.74 893.80 890.64 
 141 891.32 894.45 890.64 
 142 892.49 894.50 891.32 
 143 893.22 894.61 892.49 
 144 893.62 894.75 893.22 
 145 892.43 895.62 893.62 
 146 893.79 895.92 893.62 
 147 894.06 895.20 893.79 
 148 893.73 896.00 894.06 
 149 895.23 896.44 894.06 
 150 894.48 896.93 895.23 
 151 895.81 896.75 895.23 
 152 893.63 896.80 895.81 
 153 894.21 897.56 895.81 
 154 896.09 898.05 895.81 
 155 895.27 898.09 896.09 
 156 753.21 897.95 896.09 
 157 896.49 898.05 896.09 
 158 824.00 897.62 896.49 
 159 894.94 897.52 896.49 
 160 895.37 897.65 896.49 
 161 895.51 898.01 896.49 
 162 895.81 897.68 896.49 
 163 894.73 896.89 896.49 
 164 895.78 898.04 896.49 
 165 897.32 898.13 896.49 
 166 897.49 898.43 897.32 
 167 896.04 898.50 897.49 
 168 893.85 898.83 897.49 
 169 895.18 897.33 897.49 
 170 899.08 897.12 897.49 
 171 894.52 897.95 899.08 
 172 894.98 898.65 899.08 
 173 897.76 898.55 899.08 
 174 894.82 898.72 899.08 
 175 896.44 899.18 899.08 
 176 898.46 899.36 899.08 
 177 896.73 899.57 899.08 
 178 896.02 900.10 899.08 
 179 899.18 899.87 899.08 
 180 896.56 899.63 899.18 
 181 806.49 899.32 899.18 
 182 895.95 899.68 899.18 
 183 896.18 900.18 899.18 
 184 899.11 900.67 899.18 
 185 898.61 900.83 899.18 
 186 857.80 900.81 899.18 
 187 780.02 900.83 899.18 
 188 898.17 900.85 899.18 
 189 900.25 900.87 899.18 
 190 899.11 900.01 900.25 
 191 896.39 900.23 900.25 
 192 898.19 900.57 900.25 
 193 898.51 900.78 900.25 
 194 899.71 901.05 900.25 
 195 901.21 901.63 900.25 
 196 897.47 901.65 901.21 
 197 898.89 902.38 901.21 
 198 898.99 902.29 901.21 
 199 899.76 902.28 901.21 
