Iter | Sampling Pol | Evaluation Pol | Best (Sampled) 
   0 12.78 13.44 -100000000.00 
   1 13.67 15.30 12.78 
   2 14.58 16.14 13.67 
   3 15.43 16.17 14.58 
   4 16.55 17.42 15.43 
   5 17.35 18.74 16.55 
   6 18.65 19.44 17.35 
   7 19.57 20.83 18.65 
   8 21.05 21.93 19.57 
   9 23.66 26.49 21.05 
  10 27.09 27.49 23.66 
  11 31.20 35.20 27.09 
  12 33.66 40.34 31.20 
  13 39.78 46.42 33.66 
  14 45.38 51.39 39.78 
  15 52.60 57.05 45.38 
  16 57.05 61.70 52.60 
  17 61.21 64.00 57.05 
  18 64.49 74.51 61.21 
  19 67.83 80.69 64.49 
  20 73.46 84.71 67.83 
  21 76.27 89.68 73.46 
  22 82.83 92.77 76.27 
  23 89.06 93.24 82.83 
  24 94.66 109.32 89.06 
  25 98.23 116.81 94.66 
  26 111.32 127.45 98.23 
  27 127.62 134.87 111.32 
  28 129.61 149.69 127.62 
  29 138.35 163.61 129.61 
  30 157.87 179.15 138.35 
  31 150.41 172.67 157.87 
  32 158.55 207.53 157.87 
  33 194.22 214.49 158.55 
  34 171.41 205.66 194.22 
  35 202.89 181.88 194.22 
  36 174.25 224.80 202.89 
  37 203.97 253.98 202.89 
  38 208.56 342.23 203.97 
  39 258.18 400.46 208.56 
  40 338.38 349.98 258.18 
  41 259.04 643.36 338.38 
  42 423.45 705.36 338.38 
  43 542.08 623.56 423.45 
  44 590.07 607.16 542.08 
  45 541.39 559.50 590.07 
  46 383.08 572.81 590.07 
  47 443.03 523.26 590.07 
  48 388.14 594.71 590.07 
  49 456.64 716.56 590.07 
  50 500.34 732.72 590.07 
  51 526.47 709.86 590.07 
  52 590.05 693.56 590.07 
  53 574.01 718.79 590.07 
  54 633.51 635.46 590.07 
  55 680.52 616.95 633.51 
  56 710.64 520.69 680.52 
  57 711.09 586.53 710.64 
  58 636.28 514.65 711.09 
  59 588.08 503.46 711.09 
  60 661.61 560.97 711.09 
  61 549.87 687.87 711.09 
  62 603.69 711.92 711.09 
  63 673.77 642.59 711.09 
  64 666.89 634.76 711.09 
  65 618.53 572.76 711.09 
  66 537.52 664.83 711.09 
  67 672.47 807.38 711.09 
  68 727.27 574.07 711.09 
  69 674.05 560.70 727.27 
  70 670.02 613.01 727.27 
  71 642.40 920.83 727.27 
  72 793.38 961.86 727.27 
  73 1027.05 1020.78 793.38 
  74 1160.75 785.01 1027.05 
  75 1128.71 1166.48 1160.75 
  76 1076.54 1102.92 1160.75 
  77 1222.91 885.70 1160.75 
  78 810.93 1296.65 1222.91 
  79 1135.24 1272.26 1222.91 
  80 990.04 1136.02 1222.91 
  81 1023.16 925.79 1222.91 
  82 1014.71 1169.91 1222.91 
  83 1003.85 1162.21 1222.91 
  84 1174.04 1384.38 1222.91 
  85 1336.40 1250.51 1222.91 
  86 1367.59 1267.97 1336.40 
  87 1184.10 1445.39 1367.59 
  88 1172.57 1262.65 1367.59 
  89 1449.60 1365.69 1367.59 
  90 1461.27 1514.87 1449.60 
  91 1533.05 1473.01 1461.27 
  92 1567.81 1367.75 1533.05 
  93 884.45 1190.89 1567.81 
  94 1472.59 1528.05 1567.81 
  95 1242.07 1659.72 1567.81 
  96 976.80 1601.48 1567.81 
  97 1659.89 1441.39 1567.81 
  98 1330.86 1685.51 1659.89 
  99 1441.50 1590.32 1659.89 
 100 1544.75 1427.92 1659.89 
 101 1453.41 1625.95 1659.89 
 102 1378.42 1642.54 1659.89 
 103 1278.67 1631.23 1659.89 
 104 1170.67 1575.12 1659.89 
 105 1414.42 1669.14 1659.89 
 106 1612.87 1650.88 1659.89 
 107 1507.34 1639.96 1659.89 
 108 1507.22 1618.11 1659.89 
 109 1330.29 1617.92 1659.89 
 110 1678.41 1654.68 1659.89 
 111 1737.05 1716.83 1678.41 
 112 1726.34 1624.57 1737.05 
 113 1560.00 1822.37 1737.05 
 114 1489.44 1814.58 1737.05 
 115 1691.72 1163.40 1737.05 
 116 1815.10 1235.78 1737.05 
 117 1431.38 1514.98 1815.10 
 118 1809.11 1585.74 1815.10 
 119 1654.55 1755.42 1815.10 
 120 1545.40 1788.78 1815.10 
 121 1794.98 1664.32 1815.10 
 122 1562.84 1829.70 1815.10 
 123 1562.85 1529.06 1815.10 
 124 1369.02 1805.05 1815.10 
 125 1565.19 1449.24 1815.10 
 126 1743.22 1123.34 1815.10 
 127 1760.55 1824.65 1815.10 
 128 1822.58 1722.11 1815.10 
 129 1852.52 1598.10 1822.58 
 130 1730.58 1809.96 1852.52 
 131 1661.30 1885.72 1852.52 
 132 1839.03 1875.62 1852.52 
 133 1911.50 1720.47 1852.52 
 134 1605.93 1967.74 1911.50 
 135 1284.06 1917.74 1911.50 
 136 1546.77 1919.59 1911.50 
 137 1898.88 1637.76 1911.50 
 138 1700.48 1772.46 1911.50 
 139 1865.62 1931.29 1911.50 
 140 1939.11 1978.60 1911.50 
 141 1482.90 1956.90 1939.11 
 142 1470.07 1954.78 1939.11 
 143 1873.07 1624.76 1939.11 
 144 1963.81 1917.15 1939.11 
 145 1927.99 1892.21 1963.81 
 146 1870.17 1978.09 1963.81 
 147 1925.78 1748.95 1963.81 
 148 1886.98 1969.83 1963.81 
 149 1785.17 1951.62 1963.81 
 150 1444.43 1859.54 1963.81 
 151 1929.42 1793.59 1963.81 
 152 1925.32 1746.59 1963.81 
 153 1648.94 1925.09 1963.81 
 154 1617.42 1910.45 1963.81 
 155 1926.97 1723.15 1963.81 
 156 1908.97 1936.69 1963.81 
 157 1923.52 1979.15 1963.81 
 158 1897.23 1970.66 1963.81 
 159 1977.61 1979.93 1963.81 
 160 1956.13 1960.94 1977.61 
 161 1975.77 1966.20 1977.61 
 162 2019.05 1991.78 1977.61 
 163 2015.95 1988.81 2019.05 
 164 1543.59 2012.28 2019.05 
 165 1659.99 1659.92 2019.05 
 166 1691.22 1961.02 2019.05 
 167 1979.19 1955.51 2019.05 
 168 1944.97 2008.95 2019.05 
 169 2049.26 2068.38 2019.05 
 170 1733.98 1990.95 2049.26 
 171 1875.94 1804.35 2049.26 
 172 1537.58 1760.38 2049.26 
 173 1878.51 2005.25 2049.26 
 174 2058.52 2093.37 2049.26 
 175 1809.08 2020.49 2058.52 
 176 1892.15 2028.94 2058.52 
 177 2033.32 2019.19 2058.52 
 178 1970.50 2064.56 2058.52 
 179 2062.39 1880.68 2058.52 
 180 2049.52 2037.86 2062.39 
 181 1978.95 2052.16 2062.39 
 182 1825.82 2026.05 2062.39 
 183 1766.70 2080.76 2062.39 
 184 1909.11 2081.34 2062.39 
 185 1942.85 1921.24 2062.39 
 186 2076.50 1843.12 2062.39 
 187 1773.11 2093.56 2076.50 
 188 2126.13 2092.19 2076.50 
 189 2116.46 2095.86 2126.13 
 190 1781.96 1879.06 2126.13 
 191 2081.31 2139.16 2126.13 
 192 1880.37 2050.62 2126.13 
 193 1977.14 2085.06 2126.13 
 194 1971.61 2114.50 2126.13 
 195 2094.43 1997.25 2126.13 
 196 2074.84 1884.69 2126.13 
 197 1919.05 2104.34 2126.13 
 198 1906.62 2077.11 2126.13 
 199 2117.49 2076.61 2126.13 
