Iter | Sampling Pol | Evaluation Pol | Best (Sampled) 
   0 12.74 11.87 -100000000.00 
   1 13.63 12.34 12.74 
   2 14.64 14.19 13.63 
   3 15.44 15.18 14.64 
   4 16.57 16.68 15.44 
   5 17.38 17.28 16.57 
   6 18.73 17.85 17.38 
   7 19.87 19.37 18.73 
   8 21.66 20.87 19.87 
   9 24.77 21.78 21.66 
  10 28.98 25.48 24.77 
  11 33.17 32.74 28.98 
  12 35.98 39.68 33.17 
  13 42.65 42.96 35.98 
  14 46.78 59.01 42.65 
  15 51.94 60.91 46.78 
  16 56.83 62.98 51.94 
  17 60.57 69.77 56.83 
  18 66.56 68.74 60.57 
  19 67.26 73.56 66.56 
  20 78.78 65.92 67.26 
  21 78.93 93.97 78.78 
  22 77.40 92.62 78.93 
  23 85.71 99.53 78.93 
  24 94.85 100.05 85.71 
  25 102.66 125.57 94.85 
  26 110.75 134.76 102.66 
  27 142.11 145.35 110.75 
  28 142.40 177.37 142.11 
  29 194.05 288.59 142.40 
  30 207.00 442.46 194.05 
  31 371.27 447.02 207.00 
  32 501.51 528.57 371.27 
  33 546.65 602.99 501.51 
  34 706.92 718.02 546.65 
  35 720.09 727.63 706.92 
  36 624.64 733.04 720.09 
  37 667.02 734.05 720.09 
  38 726.16 739.26 720.09 
  39 739.39 743.84 726.16 
  40 626.39 740.37 739.39 
  41 732.74 741.34 739.39 
  42 736.75 746.44 739.39 
  43 737.79 749.42 739.39 
  44 744.52 751.78 739.39 
  45 743.39 752.53 744.52 
  46 748.37 758.01 744.52 
  47 752.08 760.33 748.37 
  48 751.54 763.60 752.08 
  49 763.33 767.82 752.08 
  50 767.09 623.72 763.33 
  51 772.67 774.31 767.09 
  52 773.05 776.32 772.67 
  53 769.29 779.40 773.05 
  54 777.16 630.11 773.05 
  55 687.86 780.24 777.16 
  56 776.63 780.09 777.16 
  57 779.14 784.25 777.16 
  58 779.75 783.99 779.14 
  59 596.58 785.64 779.75 
  60 786.18 789.60 779.75 
  61 785.69 794.42 786.18 
  62 791.79 795.60 786.18 
  63 794.97 797.73 791.79 
  64 794.42 796.92 794.97 
  65 795.51 799.23 794.97 
  66 801.04 802.39 795.51 
  67 806.12 807.89 801.04 
  68 808.75 813.03 806.12 
  69 813.98 816.46 808.75 
  70 816.40 817.82 813.98 
  71 819.34 825.50 816.40 
  72 825.47 832.15 819.34 
  73 829.49 837.85 825.47 
  74 833.78 844.15 829.49 
  75 841.45 846.85 833.78 
  76 845.63 851.84 841.45 
  77 846.32 856.85 845.63 
  78 854.68 859.36 846.32 
  79 854.12 863.81 854.68 
  80 860.71 864.51 854.68 
  81 859.76 865.69 860.71 
  82 861.01 869.23 860.71 
  83 865.49 868.80 861.01 
  84 866.06 870.98 865.49 
  85 863.89 873.35 866.06 
  86 870.24 873.89 866.06 
  87 869.61 874.41 870.24 
  88 873.63 875.88 870.24 
  89 870.04 876.79 873.63 
  90 872.51 878.22 873.63 
  91 876.71 879.02 873.63 
  92 878.17 880.20 876.71 
  93 879.87 879.93 878.17 
  94 876.62 878.94 879.87 
  95 876.51 709.93 879.87 
  96 733.39 879.80 879.87 
  97 877.77 880.68 879.87 
  98 879.30 881.39 879.87 
  99 878.89 880.38 879.87 
 100 877.30 880.80 879.87 
 101 879.05 881.19 879.87 
 102 879.30 881.76 879.87 
 103 879.21 882.43 879.87 
 104 879.85 882.98 879.87 
 105 881.55 884.03 879.87 
 106 881.05 884.50 881.55 
 107 880.58 883.43 881.55 
 108 882.33 884.13 881.55 
 109 882.15 885.98 882.33 
 110 887.00 886.26 882.33 
 111 884.92 887.55 887.00 
 112 886.29 887.72 887.00 
 113 887.54 888.33 887.00 
 114 887.19 889.93 887.54 
 115 889.84 890.15 887.54 
 116 888.19 890.35 889.84 
 117 887.87 891.63 889.84 
 118 889.39 891.98 889.84 
 119 890.17 892.25 889.84 
 120 892.21 551.87 890.17 
 121 748.11 892.42 892.21 
 122 891.05 892.97 892.21 
 123 894.57 893.15 892.21 
 124 892.50 893.03 894.57 
 125 890.83 893.21 894.57 
 126 888.34 892.89 894.57 
 127 893.81 893.15 894.57 
 128 890.75 892.79 894.57 
 129 890.79 892.92 894.57 
 130 892.39 893.05 894.57 
 131 892.16 892.89 894.57 
 132 892.62 892.38 894.57 
 133 890.90 893.54 894.57 
 134 895.11 893.99 894.57 
 135 893.09 894.51 895.11 
 136 894.73 894.42 895.11 
 137 892.66 894.61 895.11 
 138 893.88 893.88 895.11 
 139 894.75 894.26 895.11 
 140 893.77 894.42 895.11 
 141 894.38 893.98 895.11 
 142 888.25 892.46 895.11 
 143 890.18 892.57 895.11 
 144 894.21 894.06 895.11 
 145 893.69 896.79 895.11 
 146 896.66 898.32 895.11 
 147 899.31 898.85 896.66 
 148 899.80 900.14 899.31 
 149 685.52 899.12 899.80 
 150 900.28 898.15 899.80 
 151 899.51 896.87 900.28 
 152 894.63 896.34 900.28 
 153 896.19 895.73 900.28 
 154 893.92 895.02 900.28 
 155 897.51 897.19 900.28 
 156 897.22 896.76 900.28 
 157 895.88 897.59 900.28 
 158 766.62 896.91 900.28 
 159 893.40 890.95 900.28 
 160 760.79 897.82 900.28 
 161 896.53 895.76 900.28 
 162 894.38 897.07 900.28 
 163 894.35 898.49 900.28 
 164 898.28 899.11 900.28 
 165 873.66 899.01 900.28 
 166 899.09 898.53 900.28 
 167 900.83 898.55 900.28 
 168 897.81 898.84 900.83 
 169 896.61 898.78 900.83 
 170 901.51 898.93 900.83 
 171 897.98 899.59 901.51 
 172 899.76 899.81 901.51 
 173 901.28 899.66 901.51 
 174 898.80 900.25 901.51 
 175 901.29 900.47 901.51 
 176 901.84 901.03 901.51 
 177 903.40 901.24 901.84 
 178 903.01 901.39 903.40 
 179 902.58 901.64 903.40 
 180 902.39 901.26 903.40 
 181 902.14 901.86 903.40 
 182 904.68 901.95 903.40 
 183 902.44 902.60 904.68 
 184 902.23 902.86 904.68 
 185 903.94 902.81 904.68 
 186 903.82 904.28 904.68 
 187 903.89 904.96 904.68 
 188 902.00 906.54 904.68 
 189 907.56 907.18 904.68 
 190 904.97 908.58 907.56 
 191 907.19 909.14 907.56 
 192 692.51 908.50 907.56 
 193 908.58 909.21 907.56 
 194 668.03 908.70 908.58 
 195 909.45 908.40 908.58 
 196 907.17 908.01 909.45 
 197 905.07 908.37 909.45 
 198 906.12 909.00 909.45 
 199 903.91 908.95 909.45 
