Iter | Sampling Pol | Evaluation Pol | Best (Sampled) 
   0 12.75 11.86 -100000000.00 
   1 13.65 13.08 12.75 
   2 14.56 14.77 13.65 
   3 15.35 15.78 14.56 
   4 16.60 15.49 15.35 
   5 17.46 18.04 16.60 
   6 18.63 17.78 17.46 
   7 19.60 18.88 18.63 
   8 21.12 20.56 19.60 
   9 23.84 26.31 21.12 
  10 27.07 28.48 23.84 
  11 32.24 34.46 27.07 
  12 34.72 42.22 32.24 
  13 41.51 45.48 34.72 
  14 46.10 49.22 41.51 
  15 52.71 55.50 46.10 
  16 58.36 58.15 52.71 
  17 62.90 72.49 58.36 
  18 69.82 77.29 62.90 
  19 72.51 81.89 69.82 
  20 81.02 92.74 72.51 
  21 87.80 97.76 81.02 
  22 100.98 106.37 87.80 
  23 104.69 111.76 100.98 
  24 113.19 121.04 104.69 
  25 115.06 124.69 113.19 
  26 126.53 137.96 115.06 
  27 138.21 144.27 126.53 
  28 134.72 144.22 138.21 
  29 141.90 150.51 138.21 
  30 151.24 150.87 141.90 
  31 159.68 168.45 151.24 
  32 167.35 173.12 159.68 
  33 183.25 198.00 167.35 
  34 199.61 343.96 183.25 
  35 288.58 214.82 199.61 
  36 303.22 234.85 288.58 
  37 323.15 300.56 303.22 
  38 346.57 400.27 323.15 
  39 330.52 555.36 346.57 
  40 393.25 737.54 346.57 
  41 622.76 502.71 393.25 
  42 522.03 596.74 622.76 
  43 555.01 783.94 622.76 
  44 663.68 522.64 622.76 
  45 706.55 668.31 663.68 
  46 832.33 742.96 706.55 
  47 869.66 675.62 832.33 
  48 859.95 729.69 869.66 
  49 775.11 715.05 869.66 
  50 923.19 773.48 869.66 
  51 1000.05 1077.37 923.19 
  52 961.10 781.18 1000.05 
  53 848.27 1040.09 1000.05 
  54 931.22 1026.94 1000.05 
  55 1017.13 1213.85 1000.05 
  56 950.37 927.54 1017.13 
  57 701.28 892.08 1017.13 
  58 979.81 1010.24 1017.13 
  59 891.02 738.43 1017.13 
  60 972.67 1042.38 1017.13 
  61 1164.96 1070.94 1017.13 
  62 1196.68 1426.98 1164.96 
  63 1030.64 1272.48 1196.68 
  64 1474.87 1432.49 1196.68 
  65 904.27 937.81 1474.87 
  66 1128.14 1025.16 1474.87 
  67 1422.47 1176.15 1474.87 
  68 969.08 1308.60 1474.87 
  69 1172.47 1580.59 1474.87 
  70 1424.11 1569.56 1474.87 
  71 1493.40 1126.44 1474.87 
  72 1291.32 1604.54 1493.40 
  73 1215.89 1538.71 1493.40 
  74 1490.25 1611.44 1493.40 
  75 1248.90 1654.76 1493.40 
  76 1674.52 1282.11 1493.40 
  77 1246.21 1286.96 1674.52 
  78 1225.54 1686.22 1674.52 
  79 1489.10 1513.71 1674.52 
  80 1670.61 1753.51 1674.52 
  81 1686.99 1828.65 1674.52 
  82 1064.32 1540.53 1686.99 
  83 1649.56 1470.81 1686.99 
  84 1479.60 1775.36 1686.99 
  85 1634.31 1599.91 1686.99 
  86 1758.95 1642.69 1686.99 
  87 1507.38 1799.65 1758.95 
  88 1709.34 1783.07 1758.95 
  89 1501.23 1524.19 1758.95 
  90 1522.24 1793.27 1758.95 
  91 1829.79 1498.99 1758.95 
  92 1392.64 1768.24 1829.79 
  93 1782.57 1739.02 1829.79 
  94 1722.54 1791.09 1829.79 
  95 1806.02 1380.22 1829.79 
  96 1787.80 1650.23 1829.79 
  97 1481.23 1524.18 1829.79 
  98 1827.22 1867.94 1829.79 
  99 1647.21 1884.91 1829.79 
 100 1859.94 1796.07 1829.79 
 101 1836.17 1898.60 1859.94 
 102 1878.98 1837.31 1859.94 
 103 1293.05 1765.47 1878.98 
 104 1446.54 1870.70 1878.98 
 105 1401.29 1840.84 1878.98 
 106 2003.22 1936.98 1878.98 
 107 1656.66 1734.27 2003.22 
 108 1787.80 1976.14 2003.22 
 109 1485.85 1986.27 2003.22 
 110 1783.40 1927.40 2003.22 
 111 1933.17 1937.91 2003.22 
 112 1948.28 1945.03 2003.22 
 113 1863.28 1945.29 2003.22 
 114 1511.05 1520.23 2003.22 
 115 1721.53 1945.51 2003.22 
 116 1923.68 1994.04 2003.22 
 117 1545.07 2003.74 2003.22 
 118 2024.96 1963.83 2003.22 
 119 1948.72 1990.18 2024.96 
 120 2007.36 2013.29 2024.96 
 121 1562.58 1743.84 2024.96 
 122 1882.83 2080.16 2024.96 
 123 1692.06 1804.78 2024.96 
 124 1592.42 2040.44 2024.96 
 125 2029.29 2057.40 2024.96 
 126 1825.01 2053.70 2029.29 
 127 2059.46 2028.24 2029.29 
 128 2030.37 2068.78 2059.46 
 129 1722.53 2054.11 2059.46 
 130 2089.79 1757.38 2059.46 
 131 1821.45 1970.28 2089.79 
 132 2055.60 2025.79 2089.79 
 133 1995.16 2068.41 2089.79 
 134 1844.21 2068.91 2089.79 
 135 1811.52 2064.61 2089.79 
 136 1930.03 2019.84 2089.79 
 137 1727.24 2020.48 2089.79 
 138 2034.59 2025.20 2089.79 
 139 1999.03 2051.06 2089.79 
 140 2084.61 2087.43 2089.79 
 141 1985.59 2095.74 2089.79 
 142 1652.20 1903.55 2089.79 
 143 2090.68 2047.99 2089.79 
 144 1676.91 1971.46 2090.68 
 145 1821.50 2085.61 2090.68 
 146 1737.25 2032.26 2090.68 
 147 1926.82 1985.06 2090.68 
 148 1948.94 1913.06 2090.68 
 149 1941.64 1905.24 2090.68 
 150 1951.25 1873.08 2090.68 
 151 1872.76 1735.20 2090.68 
 152 2052.15 2005.48 2090.68 
 153 2119.16 2100.30 2090.68 
 154 2084.19 1898.03 2119.16 
 155 2112.28 2066.04 2119.16 
 156 1799.82 2004.97 2119.16 
 157 1697.10 1995.00 2119.16 
 158 2169.40 2140.61 2119.16 
 159 2085.05 2139.30 2169.40 
 160 2185.94 1878.40 2169.40 
 161 1906.40 2093.40 2185.94 
 162 1799.25 2128.70 2185.94 
 163 2177.94 2087.96 2185.94 
 164 2152.82 1874.38 2185.94 
 165 2147.71 2123.31 2185.94 
 166 1669.52 2131.48 2185.94 
 167 2142.94 2129.07 2185.94 
 168 2150.61 1960.36 2185.94 
 169 1738.83 2193.98 2185.94 
 170 1664.72 2201.38 2185.94 
 171 2034.75 1677.48 2185.94 
 172 2187.26 1999.62 2185.94 
 173 1868.61 2062.56 2187.26 
 174 2184.06 2165.32 2187.26 
 175 2180.68 2167.06 2187.26 
 176 2186.17 1780.93 2187.26 
 177 2008.51 2216.52 2187.26 
 178 1970.41 2179.41 2187.26 
 179 2108.13 2120.29 2187.26 
 180 2031.31 2062.10 2187.26 
 181 2226.07 2206.82 2187.26 
 182 1972.87 2207.72 2226.07 
 183 2225.68 2229.23 2226.07 
 184 1776.81 2231.35 2226.07 
 185 1893.24 1874.23 2226.07 
 186 2216.19 2216.60 2226.07 
 187 2223.91 2233.84 2226.07 
 188 1584.68 1896.01 2226.07 
 189 2055.79 2116.03 2226.07 
 190 2229.73 2213.80 2226.07 
 191 2224.54 1897.58 2229.73 
 192 1914.45 2240.30 2229.73 
 193 2245.65 2002.94 2229.73 
 194 1887.32 1885.45 2245.65 
 195 1729.95 2224.33 2245.65 
 196 2213.03 2200.85 2245.65 
 197 2197.55 1803.50 2245.65 
 198 1983.15 2214.34 2245.65 
 199 2219.50 2005.14 2245.65 
