Iter | Sampling Pol | Evaluation Pol | Best (Sampled) 
   0 12.74 11.68 -100000000.00 
   1 13.54 12.71 12.74 
   2 14.55 14.33 13.54 
   3 15.52 15.36 14.55 
   4 16.69 16.04 15.52 
   5 17.60 17.94 16.69 
   6 18.86 17.89 17.60 
   7 20.11 18.63 18.86 
   8 22.13 23.13 20.11 
   9 25.21 25.01 22.13 
  10 30.07 32.24 25.21 
  11 33.29 33.87 30.07 
  12 36.31 40.37 33.29 
  13 44.17 41.91 36.31 
  14 47.64 56.51 44.17 
  15 51.17 59.75 47.64 
  16 55.59 59.14 51.17 
  17 60.80 69.36 55.59 
  18 68.20 68.71 60.80 
  19 72.07 71.54 68.20 
  20 79.73 89.20 72.07 
  21 87.41 97.61 79.73 
  22 100.35 112.50 87.41 
  23 108.72 117.14 100.35 
  24 113.95 132.71 108.72 
  25 128.25 130.80 113.95 
  26 135.16 161.63 128.25 
  27 159.01 177.37 135.16 
  28 163.13 182.91 159.01 
  29 205.95 239.91 163.13 
  30 254.01 258.40 205.95 
  31 324.44 389.31 254.01 
  32 403.10 448.05 324.44 
  33 504.35 491.28 403.10 
  34 412.05 431.31 504.35 
  35 498.09 656.69 504.35 
  36 556.96 669.88 504.35 
  37 576.66 719.13 556.96 
  38 602.91 724.55 576.66 
  39 648.18 624.20 602.91 
  40 735.97 677.29 648.18 
  41 638.52 664.35 735.97 
  42 594.05 748.22 735.97 
  43 749.71 754.74 735.97 
  44 766.11 754.95 749.71 
  45 768.18 762.25 766.11 
  46 767.11 647.81 768.18 
  47 735.33 712.71 768.18 
  48 704.44 817.47 768.18 
  49 783.11 715.85 768.18 
  50 682.32 785.18 783.11 
  51 738.15 750.23 783.11 
  52 774.10 837.14 783.11 
  53 769.27 868.80 783.11 
  54 791.96 763.71 783.11 
  55 730.06 649.46 791.96 
  56 692.31 686.00 791.96 
  57 708.08 783.59 791.96 
  58 719.85 433.21 791.96 
  59 608.79 803.26 791.96 
  60 803.25 930.66 791.96 
  61 631.14 735.78 803.25 
  62 701.54 735.55 803.25 
  63 614.77 772.02 803.25 
  64 522.88 862.38 803.25 
  65 886.09 920.66 803.25 
  66 788.54 875.65 886.09 
  67 536.68 680.88 886.09 
  68 556.51 787.13 886.09 
  69 671.96 963.35 886.09 
  70 699.93 949.89 886.09 
  71 667.61 874.74 886.09 
  72 678.93 901.42 886.09 
  73 510.80 575.85 886.09 
  74 539.87 505.03 886.09 
  75 868.11 845.88 886.09 
  76 924.76 797.52 886.09 
  77 789.07 683.42 924.76 
  78 817.09 775.15 924.76 
  79 613.98 767.92 924.76 
  80 805.54 771.03 924.76 
  81 947.39 639.99 924.76 
  82 614.29 852.43 947.39 
  83 798.40 701.81 947.39 
  84 972.93 1094.01 947.39 
  85 1064.93 653.54 972.93 
  86 897.78 700.53 1064.93 
  87 1105.93 1136.23 1064.93 
  88 838.02 1114.36 1105.93 
  89 1004.02 1016.57 1105.93 
  90 1042.74 1237.83 1105.93 
  91 1153.30 1276.40 1105.93 
  92 774.03 879.08 1153.30 
  93 948.81 752.42 1153.30 
  94 1149.10 1042.68 1153.30 
  95 1197.70 1033.83 1153.30 
  96 1036.64 1220.90 1197.70 
  97 1015.53 1332.33 1197.70 
  98 1044.17 1066.78 1197.70 
  99 820.82 904.56 1197.70 
 100 1253.87 1425.14 1197.70 
 101 1275.59 1103.59 1253.87 
 102 1222.03 1033.76 1275.59 
 103 980.07 1319.11 1275.59 
 104 1345.13 1313.20 1275.59 
 105 1502.82 1290.93 1345.13 
 106 1263.24 1173.12 1502.82 
 107 936.40 1557.05 1502.82 
 108 1531.86 1266.07 1502.82 
 109 1273.26 1104.89 1531.86 
 110 1074.51 955.69 1531.86 
 111 1269.70 993.79 1531.86 
 112 1409.82 1474.08 1531.86 
 113 1178.69 1526.13 1531.86 
 114 1273.64 1345.11 1531.86 
 115 1131.76 1445.82 1531.86 
 116 1529.08 1428.47 1531.86 
 117 1418.23 1506.30 1531.86 
 118 1303.22 1545.34 1531.86 
 119 1550.04 1236.20 1531.86 
 120 1220.21 1588.18 1550.04 
 121 1622.49 1206.19 1550.04 
 122 1527.00 1259.98 1622.49 
 123 1518.30 1586.81 1622.49 
 124 1502.14 1580.47 1622.49 
 125 1626.59 1285.86 1622.49 
 126 1644.80 1311.11 1626.59 
 127 1200.82 1675.07 1644.80 
 128 1446.28 1371.03 1644.80 
 129 1669.20 1104.48 1644.80 
 130 1446.97 1109.14 1669.20 
 131 1418.37 1378.01 1669.20 
 132 1607.40 1670.96 1669.20 
 133 1635.12 1419.12 1669.20 
 134 1525.23 1309.05 1669.20 
 135 1204.26 1777.29 1669.20 
 136 1535.16 1427.89 1669.20 
 137 1359.41 1070.86 1669.20 
 138 1569.64 1124.07 1669.20 
 139 1656.74 1764.53 1669.20 
 140 1742.59 1060.35 1669.20 
 141 1331.44 1787.70 1742.59 
 142 1192.91 1784.89 1742.59 
 143 1558.61 1275.16 1742.59 
 144 1664.88 1565.25 1742.59 
 145 1484.12 1624.35 1742.59 
 146 1246.05 1345.21 1742.59 
 147 1688.85 1651.91 1742.59 
 148 1723.47 1485.56 1742.59 
 149 1408.34 1523.27 1742.59 
 150 1037.49 1748.40 1742.59 
 151 1453.67 1616.96 1742.59 
 152 1745.41 1665.39 1742.59 
 153 1690.82 1292.32 1745.41 
 154 1760.13 1354.16 1745.41 
 155 1328.72 1277.06 1760.13 
 156 901.10 1602.22 1760.13 
 157 1198.25 1736.51 1760.13 
 158 1617.22 1648.08 1760.13 
 159 1451.91 1472.19 1760.13 
 160 1521.59 1452.96 1760.13 
 161 1579.01 1683.75 1760.13 
 162 1662.25 1458.29 1760.13 
 163 1792.66 1636.45 1760.13 
 164 1827.87 1836.49 1792.66 
 165 1564.57 1667.78 1827.87 
 166 1343.35 1425.24 1827.87 
 167 1519.57 1826.15 1827.87 
 168 1622.86 1805.56 1827.87 
 169 1602.17 1608.99 1827.87 
 170 1746.19 1838.79 1827.87 
 171 1537.01 1430.61 1827.87 
 172 1532.33 1675.62 1827.87 
 173 1429.52 1824.88 1827.87 
 174 1567.88 1210.67 1827.87 
 175 1537.90 1852.57 1827.87 
 176 1851.38 1838.01 1827.87 
 177 1855.29 1632.98 1851.38 
 178 1838.72 1871.17 1855.29 
 179 1865.38 1527.51 1855.29 
 180 1772.57 1888.89 1865.38 
 181 1641.82 1548.28 1865.38 
 182 1606.69 1737.81 1865.38 
 183 1622.82 1781.13 1865.38 
 184 1792.33 1846.65 1865.38 
 185 1865.79 1710.42 1865.38 
 186 1842.91 1865.48 1865.79 
 187 1651.69 1870.99 1865.79 
 188 1552.08 1788.52 1865.79 
 189 1856.02 1778.69 1865.79 
 190 1479.43 1831.66 1865.79 
 191 1863.85 1864.11 1865.79 
 192 1751.53 1876.67 1865.79 
 193 1873.91 1829.31 1865.79 
 194 1745.47 1916.33 1873.91 
 195 1504.40 1872.64 1873.91 
 196 1895.55 1634.67 1873.91 
 197 1647.03 1823.56 1895.55 
 198 1878.17 1574.69 1895.55 
 199 1895.57 1746.17 1895.55 
