Iter | Sampling Pol | Evaluation Pol | Best (Sampled) 
   0 12.76 10.96 -100000000.00 
   1 13.64 11.66 12.76 
   2 14.79 13.72 13.64 
   3 15.59 14.30 14.79 
   4 16.75 16.36 15.59 
   5 17.76 17.88 16.75 
   6 19.21 17.43 17.76 
   7 20.67 20.49 19.21 
   8 22.48 24.16 20.67 
   9 26.70 26.96 22.48 
  10 30.42 31.43 26.70 
  11 34.59 36.26 30.42 
  12 38.62 46.24 34.59 
  13 46.37 54.32 38.62 
  14 51.92 55.19 46.37 
  15 55.19 57.66 51.92 
  16 59.74 59.90 55.19 
  17 65.91 72.70 59.74 
  18 72.38 73.75 65.91 
  19 75.43 84.60 72.38 
  20 86.69 91.49 75.43 
  21 89.58 111.77 86.69 
  22 102.70 121.05 89.58 
  23 105.73 133.36 102.70 
  24 113.80 135.45 105.73 
  25 127.89 145.92 113.80 
  26 136.89 164.98 127.89 
  27 158.81 168.49 136.89 
  28 157.14 233.52 158.81 
  29 193.00 217.32 158.81 
  30 286.35 388.36 193.00 
  31 349.45 611.09 286.35 
  32 548.22 715.88 349.45 
  33 683.82 728.11 548.22 
  34 727.70 734.52 683.82 
  35 572.95 735.75 727.70 
  36 629.68 634.47 727.70 
  37 739.44 743.93 727.70 
  38 695.10 748.09 739.44 
  39 741.17 753.56 739.44 
  40 731.07 756.89 741.17 
  41 747.75 761.93 741.17 
  42 758.97 770.83 747.75 
  43 770.88 775.56 758.97 
  44 773.66 778.19 770.88 
  45 772.46 776.45 773.66 
  46 775.25 778.21 773.66 
  47 783.74 785.18 775.25 
  48 777.36 790.41 783.74 
  49 790.45 793.19 783.74 
  50 795.74 796.94 790.45 
  51 797.91 799.56 795.74 
  52 800.71 801.59 797.91 
  53 799.11 806.85 800.71 
  54 807.90 813.99 800.71 
  55 812.67 823.05 807.90 
  56 820.71 829.86 812.67 
  57 828.24 836.21 820.71 
  58 834.05 840.36 828.24 
  59 831.02 842.20 834.05 
  60 838.91 845.71 834.05 
  61 838.87 851.04 838.91 
  62 849.20 854.75 838.91 
  63 850.31 689.33 849.20 
  64 843.30 691.39 850.31 
  65 854.66 857.88 850.31 
  66 714.22 858.43 854.66 
  67 856.12 857.70 854.66 
  68 854.67 858.63 856.12 
  69 855.90 861.20 856.12 
  70 858.20 862.92 856.12 
  71 862.94 861.88 858.20 
  72 726.59 865.35 862.94 
  73 862.14 865.58 862.94 
  74 861.45 865.48 862.94 
  75 862.03 865.38 862.94 
  76 861.91 865.56 862.94 
  77 862.27 866.03 862.94 
  78 863.96 867.34 862.94 
  79 860.24 868.95 863.96 
  80 865.75 870.67 863.96 
  81 865.57 870.94 865.75 
  82 866.71 871.24 865.75 
  83 866.53 871.39 866.71 
  84 868.37 873.44 866.71 
  85 867.85 874.06 868.37 
  86 872.22 875.42 868.37 
  87 869.42 876.04 872.22 
  88 874.82 877.31 872.22 
  89 872.00 878.37 874.82 
  90 874.46 878.39 874.82 
  91 876.89 879.39 874.82 
  92 876.72 879.55 876.89 
  93 876.75 880.28 876.89 
  94 875.93 880.78 876.89 
  95 876.53 879.96 876.89 
  96 874.28 880.65 876.89 
  97 878.44 880.88 876.89 
  98 878.69 881.46 878.44 
  99 876.81 881.86 878.69 
 100 879.25 880.94 878.69 
 101 881.66 881.89 879.25 
 102 878.76 882.55 881.66 
 103 879.34 883.07 881.66 
 104 876.95 882.74 881.66 
 105 880.69 883.49 881.66 
 106 876.37 884.48 881.66 
 107 878.66 884.10 881.66 
 108 879.59 885.13 881.66 
 109 881.86 884.70 881.66 
 110 883.80 884.85 881.86 
 111 882.53 885.69 883.80 
 112 883.44 886.21 883.80 
 113 884.10 885.29 883.80 
 114 884.14 886.74 884.10 
 115 885.14 887.36 884.14 
 116 884.81 887.09 885.14 
 117 886.40 887.16 885.14 
 118 881.97 887.48 886.40 
 119 885.10 887.17 886.40 
 120 886.36 886.21 886.40 
 121 884.47 887.00 886.40 
 122 883.39 886.35 886.40 
 123 883.27 886.65 886.40 
 124 887.30 887.04 886.40 
 125 884.30 887.85 887.30 
 126 755.23 887.45 887.30 
 127 885.07 887.08 887.30 
 128 884.93 545.47 887.30 
 129 883.41 568.86 887.30 
 130 886.37 716.71 887.30 
 131 886.25 887.10 887.30 
 132 888.51 717.13 887.30 
 133 885.53 889.46 888.51 
 134 888.76 208.92 888.51 
 135 747.68 549.49 888.76 
 136 747.94 376.57 888.76 
 137 639.98 376.45 888.76 
 138 645.45 718.24 888.76 
 139 889.25 888.41 888.76 
 140 886.99 888.85 889.25 
 141 887.76 887.81 889.25 
 142 884.63 886.70 889.25 
 143 888.05 888.58 889.25 
 144 884.98 888.69 889.25 
 145 886.11 886.20 889.25 
 146 887.49 886.96 889.25 
 147 886.95 713.99 889.25 
 148 506.29 542.39 889.25 
 149 641.28 886.37 889.25 
 150 889.12 887.29 889.25 
 151 891.34 888.84 889.25 
 152 885.91 887.56 891.34 
 153 886.65 888.35 891.34 
 154 885.89 888.21 891.34 
 155 888.12 888.48 891.34 
 156 886.58 887.89 891.34 
 157 885.89 888.07 891.34 
 158 888.45 888.00 891.34 
 159 884.06 888.27 891.34 
 160 752.00 887.92 891.34 
 161 888.11 885.66 891.34 
 162 883.91 887.71 891.34 
 163 884.17 887.99 891.34 
 164 885.74 888.19 891.34 
 165 887.83 887.89 891.34 
 166 888.19 888.43 891.34 
 167 888.39 888.15 891.34 
 168 884.96 889.44 891.34 
 169 884.88 888.81 891.34 
 170 888.29 888.83 891.34 
 171 887.31 888.92 891.34 
 172 887.64 889.04 891.34 
 173 888.90 889.67 891.34 
 174 886.36 890.14 891.34 
 175 887.61 890.80 891.34 
 176 891.36 890.96 891.34 
 177 892.04 891.72 891.36 
 178 891.04 891.17 892.04 
 179 890.35 891.36 892.04 
 180 889.04 891.59 892.04 
 181 891.15 891.33 892.04 
 182 892.32 892.44 892.04 
 183 889.32 892.74 892.32 
 184 888.58 892.22 892.32 
 185 889.26 892.11 892.32 
 186 888.68 891.71 892.32 
 187 890.19 892.04 892.32 
 188 888.09 890.81 892.32 
 189 891.81 892.49 892.32 
 190 888.80 890.48 892.32 
 191 885.63 893.54 892.32 
 192 892.53 893.77 892.32 
 193 891.54 894.07 892.53 
 194 891.09 893.97 892.53 
 195 894.83 893.96 892.53 
 196 892.14 894.34 894.83 
 197 892.32 894.14 894.83 
 198 892.61 893.87 894.83 
 199 888.91 894.07 894.83 
