Iter | Sampling Pol | Evaluation Pol | Best (Sampled) 
   0 12.75 11.73 -100000000.00 
   1 13.60 12.75 12.75 
   2 14.56 14.63 13.60 
   3 15.47 15.72 14.56 
   4 16.60 15.09 15.47 
   5 17.47 17.61 16.60 
   6 18.96 17.64 17.47 
   7 20.13 18.57 18.96 
   8 21.75 20.72 20.13 
   9 24.10 24.40 21.75 
  10 28.46 26.31 24.10 
  11 32.61 32.48 28.46 
  12 34.40 42.15 32.61 
  13 42.13 43.30 34.40 
  14 46.31 48.27 42.13 
  15 52.13 55.78 46.31 
  16 57.95 59.34 52.13 
  17 62.95 73.25 57.95 
  18 67.02 78.20 62.95 
  19 71.60 74.54 67.02 
  20 79.92 86.57 71.60 
  21 84.68 116.49 79.92 
  22 87.15 116.34 84.68 
  23 92.92 108.88 87.15 
  24 101.05 111.22 92.92 
  25 106.56 127.46 101.05 
  26 117.72 130.09 106.56 
  27 133.42 130.40 117.72 
  28 129.50 142.48 133.42 
  29 140.08 141.21 133.42 
  30 145.24 157.85 140.08 
  31 145.40 162.43 145.24 
  32 157.14 160.91 145.40 
  33 167.84 173.65 157.14 
  34 171.70 203.45 167.84 
  35 197.79 256.15 171.70 
  36 282.98 334.35 197.79 
  37 327.13 453.29 282.98 
  38 679.18 450.26 327.13 
  39 727.57 348.51 679.18 
  40 589.93 389.85 727.57 
  41 567.56 502.20 727.57 
  42 460.32 444.36 727.57 
  43 470.94 845.41 727.57 
  44 769.74 792.63 727.57 
  45 804.34 753.62 769.74 
  46 633.04 682.76 804.34 
  47 702.24 399.28 804.34 
  48 614.13 915.20 804.34 
  49 718.63 603.78 804.34 
  50 587.65 345.98 804.34 
  51 713.73 788.27 804.34 
  52 692.97 740.19 804.34 
  53 641.67 793.04 804.34 
  54 776.54 995.27 804.34 
  55 794.90 986.02 804.34 
  56 614.79 963.60 804.34 
  57 867.05 828.55 804.34 
  58 790.79 886.55 867.05 
  59 783.61 766.02 867.05 
  60 858.65 827.66 867.05 
  61 811.41 1046.58 867.05 
  62 754.46 1083.46 867.05 
  63 937.33 878.93 867.05 
  64 1100.77 780.14 937.33 
  65 695.19 850.10 1100.77 
  66 937.96 1031.14 1100.77 
  67 801.79 872.02 1100.77 
  68 1113.95 1183.95 1100.77 
  69 1099.76 616.14 1113.95 
  70 795.73 752.04 1113.95 
  71 862.03 725.32 1113.95 
  72 894.93 942.86 1113.95 
  73 915.15 1184.73 1113.95 
  74 1066.74 849.87 1113.95 
  75 1280.50 800.65 1113.95 
  76 960.28 1199.65 1280.50 
  77 836.73 1085.01 1280.50 
  78 1381.12 895.17 1280.50 
  79 1238.21 1371.97 1381.12 
  80 1027.86 1323.11 1381.12 
  81 1244.43 1302.45 1381.12 
  82 1016.51 1078.17 1381.12 
  83 1303.01 1366.23 1381.12 
  84 1124.68 885.47 1381.12 
  85 1130.14 1561.69 1381.12 
  86 1502.50 1146.95 1381.12 
  87 1414.82 1345.58 1502.50 
  88 1335.91 1585.23 1502.50 
  89 1241.11 923.55 1502.50 
  90 1046.11 1589.58 1502.50 
  91 1347.51 1463.01 1502.50 
  92 1620.92 1778.15 1502.50 
  93 1523.97 1542.31 1620.92 
  94 1645.40 1327.27 1620.92 
  95 1202.02 1512.71 1645.40 
  96 1546.28 1121.05 1645.40 
  97 1380.80 1122.65 1645.40 
  98 1421.91 1406.32 1645.40 
  99 928.15 1412.10 1645.40 
 100 1335.73 1213.15 1645.40 
 101 1788.75 1770.11 1645.40 
 102 1509.02 1582.49 1788.75 
 103 1523.95 1103.48 1788.75 
 104 1762.92 1592.98 1788.75 
 105 1406.67 1446.22 1788.75 
 106 1783.94 1812.07 1788.75 
 107 1586.52 1509.06 1788.75 
 108 1700.29 1666.24 1788.75 
 109 1584.43 1608.87 1788.75 
 110 1458.08 1610.71 1788.75 
 111 1511.71 1735.90 1788.75 
 112 1756.62 1627.39 1788.75 
 113 1672.95 1700.54 1788.75 
 114 1851.13 1893.24 1788.75 
 115 1713.37 1674.24 1851.13 
 116 1813.78 1595.61 1851.13 
 117 1717.55 1123.17 1851.13 
 118 1580.79 1884.86 1851.13 
 119 1556.04 1663.78 1851.13 
 120 1612.78 1681.26 1851.13 
 121 1618.57 1850.45 1851.13 
 122 1873.52 1629.98 1851.13 
 123 1805.74 1900.17 1873.52 
 124 1954.01 1735.88 1873.52 
 125 1804.15 1563.19 1954.01 
 126 1712.43 1466.20 1954.01 
 127 1771.13 1962.20 1954.01 
 128 1470.75 1725.90 1954.01 
 129 1481.70 1716.95 1954.01 
 130 1914.38 1394.19 1954.01 
 131 1752.68 1628.48 1954.01 
 132 1761.10 1767.76 1954.01 
 133 1494.69 1612.03 1954.01 
 134 1962.24 1681.60 1954.01 
 135 1640.18 1639.67 1962.24 
 136 1614.20 1361.80 1962.24 
 137 1677.90 1637.84 1962.24 
 138 1932.89 1536.87 1962.24 
 139 1559.69 1376.16 1962.24 
 140 1951.38 1810.09 1962.24 
 141 1745.33 1982.09 1962.24 
 142 1412.44 1918.87 1962.24 
 143 1950.41 1759.80 1962.24 
 144 1940.84 1931.73 1962.24 
 145 1861.91 1865.39 1962.24 
 146 1533.65 1947.66 1962.24 
 147 1798.11 1884.06 1962.24 
 148 1722.15 1988.95 1962.24 
 149 1933.63 1976.96 1962.24 
 150 1978.85 1411.27 1962.24 
 151 1906.37 1805.12 1978.85 
 152 1634.35 2027.74 1978.85 
 153 1950.02 2010.82 1978.85 
 154 1916.87 1677.33 1978.85 
 155 1954.62 1954.90 1978.85 
 156 2014.55 1994.64 1978.85 
 157 1767.70 2016.88 2014.55 
 158 1927.09 2004.90 2014.55 
 159 2047.17 1859.88 2014.55 
 160 2048.44 2045.20 2047.17 
 161 1573.32 2059.40 2048.44 
 162 1971.13 1633.04 2048.44 
 163 2096.23 1884.63 2048.44 
 164 1764.71 1884.10 2096.23 
 165 2040.68 1939.56 2096.23 
 166 2091.64 2012.93 2096.23 
 167 1842.39 1666.93 2096.23 
 168 1961.75 2061.71 2096.23 
 169 1739.46 1703.98 2096.23 
 170 2046.66 2057.14 2096.23 
 171 1937.18 1842.37 2096.23 
 172 1903.25 1822.87 2096.23 
 173 1908.88 1823.65 2096.23 
 174 1949.54 2029.45 2096.23 
 175 1812.35 1799.01 2096.23 
 176 2055.26 2003.20 2096.23 
 177 2068.89 2048.47 2096.23 
 178 1776.91 1927.55 2096.23 
 179 1509.57 1855.82 2096.23 
 180 2076.16 2055.25 2096.23 
 181 2013.29 1542.26 2096.23 
 182 2074.37 1784.92 2096.23 
 183 2081.87 1572.15 2096.23 
 184 1734.12 1967.61 2096.23 
 185 1204.98 1248.75 2096.23 
 186 2095.50 1702.91 2096.23 
 187 1726.04 1302.02 2096.23 
 188 2045.72 1203.79 2096.23 
 189 1514.51 1888.99 2096.23 
 190 2102.16 1844.79 2096.23 
 191 1785.95 1901.91 2102.16 
 192 2098.35 2102.76 2102.16 
 193 1744.05 1834.92 2102.16 
 194 1917.74 1844.90 2102.16 
 195 2069.37 1904.40 2102.16 
 196 1984.29 2100.70 2102.16 
 197 1732.21 2017.74 2102.16 
 198 1914.18 1798.22 2102.16 
 199 2078.39 1883.21 2102.16 
